       379.581      7.01107          0.2         0.05  #dY:25.0%  
       523.874      7.27974        0.016        0.008  #dY:50.0%  
       562.972      7.01748        0.022        0.012  #dY:54.5%  
       765.131       7.0031         0.62         0.07  #dY:11.3%  
       863.747      7.00376          5.3          0.5  #dY:9.4%   
       874.176      7.00196          7.4          0.6  #dY:8.1%   
         998.9       7.0025         0.97         0.11  #dY:11.3%  
       1200.79      7.00171         3.54         0.24  #dY:6.8%   
       1320.44      7.00148          9.7          0.5  #dY:5.2%   
       2077.73      7.00148         3.79         0.22  #dY:5.8%   
       2196.29      7.00607         0.47         0.09  #dY:19.1%  
       2493.95      7.00085         0.03         0.03  #dY:100.0% 
       2509.66       7.0025         0.48         0.24  #dY:50.0%  
       2545.95       7.0025         0.18          0.1  #dY:55.6%  
       2557.07      7.00105         0.05            0             
       2728.35       7.0028         0.02         0.02  #dY:100.0% 
       2831.68      7.00223         0.96         0.13  #dY:13.5%  
       3126.09      7.00068          0.9          0.3  #dY:33.3%  
       3495.96      7.00068          1.9          0.5  #dY:26.3%  
       4449.78      6.99965           64          1.7  #dY:2.7%
